0.9412831664085388
0.8928709626197815
0.6499286890029907
0.6082603335380554
0.7481550574302673
0.7163247466087341
0.7121800184249878
0.7204083800315857
0.6837247610092163
0.7025788426399231
0.6743226051330566
0.6346274614334106
0.7356265187263489
0.7202006578445435
0.6969019770622253
0.6632837057113647
0.7012202143669128
0.6528068780899048
0.6856709122657776
0.6888301372528076
0.6908310651779175
0.6993992328643799
0.6756141185760498
0.6687539219856262
0.6765526533126831
0.6721910834312439
0.6468062996864319
0.6363000273704529
0.6307457089424133
0.6405341029167175
0.7167795300483704
0.6874585151672363
0.6785904169082642
0.7177387475967407
0.7194638848304749
0.6533252000808716
0.6592704057693481
0.7123329639434814
0.641802191734314
