0.8975075483322144
0.7918105125427246
0.7261569499969482
0.6006006002426147
0.671589732170105
0.6496524214744568
0.6816579103469849
0.7670220136642456
0.7426832318305969
0.6736165285110474
0.6864629983901978
0.7301201820373535
0.6975117325782776
0.692125141620636
0.7272282242774963
0.6534180045127869
0.6618313789367676
0.710646390914917
0.6821306943893433
0.6719107031822205
0.6581270694732666
0.677827775478363
0.6345015168190002
0.6647440195083618
0.6870583891868591
0.6760926246643066
0.7045294642448425
0.7360818982124329
0.7226952314376831
0.6581081748008728
0.7169983983039856
0.6600024700164795
0.66413414478302
0.7266455292701721
0.7093886733055115
0.6652270555496216
0.6681618094444275
0.6897827982902527
0.7069808840751648
