0.9055360555648804
0.6797139048576355
0.7076497077941895
0.6400178074836731
0.7028260231018066
0.7736438512802124
0.6513296365737915
0.7510221600532532
0.6548188328742981
0.7076293230056763
0.6588904857635498
0.6145505309104919
0.6967120170593262
0.6983461380004883
0.6441795229911804
0.6789699196815491
0.6519253253936768
0.7012291550636292
0.6910013556480408
0.6754284501075745
0.6873687505722046
0.7326024174690247
0.6204068660736084
0.6833940744400024
0.6525701880455017
0.6798869371414185
0.7147308588027954
0.723520815372467
0.6681506037712097
0.697526752948761
0.6580085754394531
0.6505770683288574
0.6886754035949707
0.6778713464736938
0.7074357271194458
0.6593214869499207
0.681056022644043
0.6950231790542603
0.7639907002449036
