0.6244417428970337
0.6271342039108276
0.7331116795539856
0.7530368566513062
0.7701761722564697
0.7852978110313416
0.6773862242698669
0.7240059971809387
0.6956484317779541
0.7058277726173401
0.7347922325134277
0.7404109239578247
0.6911786794662476
0.6838894486427307
0.694299578666687
0.723535418510437
0.6867843270301819
0.7014889717102051
0.6868189573287964
0.6634982824325562
0.6566498875617981
0.6318872570991516
0.7325893044471741
0.6637824773788452
0.6736941933631897
0.7446628212928772
0.70098876953125
0.6627845168113708
0.7231647968292236
0.613483726978302
0.6876940727233887
0.6324419975280762
0.6902807950973511
0.6070387363433838
0.6718780994415283
0.6596217155456543
0.6989962458610535
0.6583592891693115
0.686082124710083
