0.9412831664085388
0.8928708434104919
0.6499286890029907
0.6082603335380554
0.7481549382209778
0.7163247466087341
0.712179958820343
0.7204082012176514
0.6837247610092163
0.7025787234306335
0.6743226647377014
0.6346274614334106
0.7356265187263489
0.7202005982398987
0.6969020366668701
0.6632837057113647
0.7012202143669128
0.6528068780899048
0.6856708526611328
0.6888301372528076
0.6908310055732727
0.6993992924690247
0.6756141781806946
0.6687538027763367
0.6765526533126831
0.6721911430358887
0.6468062400817871
0.6362999677658081
0.6307457089424133
0.6405341029167175
0.7167795896530151
0.6874584555625916
0.6785904169082642
0.7177388072013855
0.7194638252258301
0.6533253192901611
0.6592704653739929
0.7123330235481262
0.6418022513389587
