0.8975075483322144
0.7918104529380798
0.7261569499969482
0.6006006002426147
0.6715898513793945
0.649652361869812
0.6816577315330505
0.7670220732688904
0.7426830530166626
0.6736165285110474
0.6864629983901978
0.7301202416419983
0.6975116729736328
0.6921250820159912
0.7272283434867859
0.6534180045127869
0.6618313193321228
0.710646390914917
0.682130753993988
0.6719107031822205
0.6581270694732666
0.6778277158737183
0.634501576423645
0.6647440195083618
0.6870583891868591
0.6760925054550171
0.7045295238494873
0.7360818982124329
0.7226953506469727
0.658108115196228
0.7169983983039856
0.6600024104118347
0.66413414478302
0.7266454696655273
0.709388792514801
0.6652270555496216
0.6681618690490723
0.6897827982902527
0.7069808840751648
