0.9055360555648804
0.679713785648346
0.7076495885848999
0.6400178074836731
0.7028260231018066
0.7736438512802124
0.6513296365737915
0.751022219657898
0.6548188328742981
0.707629382610321
0.6588904857635498
0.6145505309104919
0.6967118978500366
0.6983460783958435
0.6441795825958252
0.6789698600769043
0.6519253253936768
0.7012290954589844
0.691001296043396
0.6754285097122192
0.6873686909675598
0.7326024174690247
0.620406985282898
0.6833940148353577
0.6525702476501465
0.6798869371414185
0.7147307991981506
0.7235207557678223
0.6681505441665649
0.697526752948761
0.6580085754394531
0.6505770087242126
0.6886754631996155
0.6778712868690491
0.7074357271194458
0.6593214869499207
0.6810560822486877
0.695023238658905
0.7639906406402588
