0.6244417428970337
0.6271342039108276
0.7331115007400513
0.7530367970466614
0.7701762318611145
0.7852979898452759
0.6773863434791565
0.7240060567855835
0.6956485509872437
0.7058277726173401
0.7347922325134277
0.7404108047485352
0.6911786794662476
0.6838894486427307
0.694299578666687
0.723535418510437
0.6867842674255371
0.7014889717102051
0.6868187785148621
0.6634982228279114
0.6566500067710876
0.6318872570991516
0.7325892448425293
0.66378253698349
0.6736940741539001
0.7446627616882324
0.7009887099266052
0.6627845764160156
0.7231647372245789
0.6134837865829468
0.6876941919326782
0.6324418783187866
0.6902807950973511
0.6070387363433838
0.6718780994415283
0.6596216559410095
0.6989961266517639
0.6583592891693115
0.686082124710083
