0.9412831664085388
0.8928709030151367
0.6499287486076355
0.6082603931427002
0.7481549382209778
0.7163247466087341
0.712179958820343
0.7204083204269409
0.6837247610092163
0.7025787234306335
0.6743226647377014
0.6346275806427002
0.7356265187263489
0.7202005982398987
0.6969020366668701
0.6632837653160095
0.7012202143669128
0.6528067588806152
0.6856709122657776
0.6888301372528076
0.6908310651779175
0.6993992328643799
0.6756141185760498
0.6687538623809814
0.6765525937080383
0.6721910238265991
0.6468062996864319
0.6363000273704529
0.6307457089424133
0.6405341625213623
0.7167795896530151
0.6874584555625916
0.6785904169082642
0.7177388072013855
0.7194638252258301
0.6533253192901611
0.6592704653739929
0.7123329639434814
0.641802191734314
