0.8975075483322144
0.7918105125427246
0.7261569499969482
0.6006006002426147
0.671589732170105
0.6496524214744568
0.6816577315330505
0.7670221328735352
0.7426830530166626
0.6736164093017578
0.6864629983901978
0.730120062828064
0.6975117921829224
0.6921250224113464
0.7272282242774963
0.6534180045127869
0.661831259727478
0.710646390914917
0.682130753993988
0.6719107031822205
0.6581270694732666
0.6778277158737183
0.6345016360282898
0.6647440791130066
0.6870583891868591
0.6760925054550171
0.7045295238494873
0.7360819578170776
0.7226953506469727
0.658108115196228
0.7169983983039856
0.6600022912025452
0.66413414478302
0.7266454696655273
0.7093887329101562
0.665226936340332
0.6681618690490723
0.6897828578948975
0.7069808840751648
