0.9055360555648804
0.6797138452529907
0.7076496481895447
0.6400179266929626
0.7028260231018066
0.7736438512802124
0.6513295769691467
0.751022219657898
0.6548188328742981
0.7076293230056763
0.6588904857635498
0.6145505905151367
0.6967119574546814
0.6983460783958435
0.6441795825958252
0.6789698600769043
0.651925265789032
0.7012290954589844
0.691001296043396
0.6754285097122192
0.6873687505722046
0.7326024174690247
0.620406985282898
0.6833940148353577
0.6525702476501465
0.6798868775367737
0.7147308588027954
0.723520815372467
0.6681506037712097
0.6975266933441162
0.6580085754394531
0.6505770087242126
0.6886754631996155
0.6778712868690491
0.707435667514801
0.6593214869499207
0.6810560822486877
0.695023238658905
0.7639907002449036
