0.6244417428970337
0.6271342039108276
0.733111560344696
0.7530367374420166
0.7701762914657593
0.7852979898452759
0.6773862838745117
0.7240061163902283
0.6956484317779541
0.7058276534080505
0.7347923517227173
0.7404108643531799
0.691178560256958
0.6838893890380859
0.6942994594573975
0.7235354781150818
0.6867843270301819
0.7014889717102051
0.6868188381195068
0.6634982824325562
0.6566499471664429
0.6318871974945068
0.7325891852378845
0.66378253698349
0.6736941337585449
0.7446627616882324
0.7009887099266052
0.6627845168113708
0.7231648564338684
0.6134837865829468
0.6876940727233887
0.6324418783187866
0.6902807950973511
0.6070387363433838
0.6718780994415283
0.6596216559410095
0.6989961266517639
0.6583592891693115
0.6860821843147278
